# starting hands
0.854 0.668 0.661 0.655 0.646 0.630 0.617 0.612 0.602 0.600 0.590 0.579 0.570
0.655 0.824 0.637 0.630 0.622 0.603 0.582 0.576 0.567 0.559 0.550 0.545 0.533
0.642 0.615 0.799 0.599 0.595 0.578 0.560 0.543 0.531 0.530 0.519 0.514 0.504
0.635 0.606 0.582 0.775 0.575 0.556 0.539 0.520 0.509 0.499 0.491 0.484 0.473
0.628 0.598 0.573 0.550 0.748 0.540 0.522 0.510 0.491 0.474 0.463 0.458 0.448
0.608 0.577 0.553 0.532 0.513 0.719 0.509 0.492 0.477 0.456 0.438 0.434 0.424
0.596 0.562 0.535 0.514 0.499 0.480 0.688 0.479 0.464 0.445 0.428 0.411 0.402
0.589 0.552 0.519 0.498 0.478 0.465 0.450 0.662 0.451 0.437 0.416 0.398 0.383
0.574 0.542 0.507 0.478 0.462 0.446 0.429 0.424 0.632 0.432 0.415 0.397 0.378
0.576 0.535 0.501 0.470 0.441 0.426 0.414 0.406 0.399 0.603 0.416 0.396 0.383
0.567 0.524 0.493 0.463 0.434 0.404 0.394 0.385 0.381 0.380 0.569 0.387 0.368
0.558 0.513 0.482 0.454 0.429 0.401 0.375 0.366 0.360 0.364 0.352 0.538 0.358
0.549 0.504 0.474 0.444 0.417 0.391 0.369 0.347 0.341 0.343 0.332 0.323 0.502
